solid 
 facet normal -1.000000e+00  0.000000e+00  0.000000e+00
   outer loop
     vertex -1.500000e+00 -1.375000e+00  2.500000e-01
     vertex -1.500000e+00  1.375000e+00 -2.500000e-01
     vertex -1.500000e+00 -1.375000e+00 -2.500000e-01
   endloop
 endfacet
 facet normal -1.000000e+00  0.000000e+00  0.000000e+00
   outer loop
     vertex -1.500000e+00 -1.375000e+00  2.500000e-01
     vertex -1.500000e+00  1.375000e+00  2.500000e-01
     vertex -1.500000e+00  1.375000e+00 -2.500000e-01
   endloop
 endfacet
 facet normal  0.000000e+00  0.000000e+00  1.000000e+00
   outer loop
     vertex -1.375000e+00 -1.500000e+00  2.500000e-01
     vertex -1.413627e+00 -1.493882e+00  2.500000e-01
     vertex -1.404181e+00 -1.496546e+00  2.500000e-01
   endloop
 endfacet
 facet normal  0.000000e+00  0.000000e+00  1.000000e+00
   outer loop
     vertex -1.375000e+00 -1.500000e+00  2.500000e-01
     vertex -1.404181e+00 -1.496546e+00  2.500000e-01
     vertex -1.394554e+00 -1.498461e+00  2.500000e-01
   endloop
 endfacet
 facet normal  0.000000e+00  0.000000e+00  1.000000e+00
   outer loop
     vertex -1.375000e+00 -1.500000e+00  2.500000e-01
     vertex -1.394554e+00 -1.498461e+00  2.500000e-01
     vertex -1.384807e+00 -1.499615e+00  2.500000e-01
   endloop
 endfacet
 facet normal  0.000000e+00  0.000000e+00  1.000000e+00
   outer loop
     vertex -1.500000e+00 -1.375000e+00  2.500000e-01
     vertex -1.499615e+00 -1.384807e+00  2.500000e-01
     vertex -1.498461e+00 -1.394554e+00  2.500000e-01
   endloop
 endfacet
 facet normal  0.000000e+00  0.000000e+00  1.000000e+00
   outer loop
     vertex -1.500000e+00 -1.375000e+00  2.500000e-01
     vertex -1.498461e+00 -1.394554e+00  2.500000e-01
     vertex -1.496546e+00 -1.404181e+00  2.500000e-01
   endloop
 endfacet
 facet normal  0.000000e+00  0.000000e+00  1.000000e+00
   outer loop
     vertex -1.500000e+00 -1.375000e+00  2.500000e-01
     vertex -1.496546e+00 -1.404181e+00  2.500000e-01
     vertex -1.493882e+00 -1.413627e+00  2.500000e-01
   endloop
 endfacet
 facet normal  0.000000e+00  0.000000e+00  1.000000e+00
   outer loop
     vertex -1.500000e+00 -1.375000e+00  2.500000e-01
     vertex -1.493882e+00 -1.413627e+00  2.500000e-01
     vertex -1.490485e+00 -1.422835e+00  2.500000e-01
   endloop
 endfacet
 facet normal  0.000000e+00  0.000000e+00  1.000000e+00
   outer loop
     vertex -1.500000e+00 -1.375000e+00  2.500000e-01
     vertex -1.490485e+00 -1.422835e+00  2.500000e-01
     vertex -1.486376e+00 -1.431749e+00  2.500000e-01
   endloop
 endfacet
 facet normal  0.000000e+00  0.000000e+00  1.000000e+00
   outer loop
     vertex -1.500000e+00 -1.375000e+00  2.500000e-01
     vertex -1.486376e+00 -1.431749e+00  2.500000e-01
     vertex -1.481580e+00 -1.440312e+00  2.500000e-01
   endloop
 endfacet
 facet normal  0.000000e+00  0.000000e+00  1.000000e+00
   outer loop
     vertex -1.500000e+00 -1.375000e+00  2.500000e-01
     vertex -1.481580e+00 -1.440312e+00  2.500000e-01
     vertex -1.476127e+00 -1.448473e+00  2.500000e-01
   endloop
 endfacet
 facet normal  0.000000e+00  0.000000e+00  1.000000e+00
   outer loop
     vertex -1.500000e+00 -1.375000e+00  2.500000e-01
     vertex -1.476127e+00 -1.448473e+00  2.500000e-01
     vertex -1.470051e+00 -1.456181e+00  2.500000e-01
   endloop
 endfacet
 facet normal  0.000000e+00  0.000000e+00  1.000000e+00
   outer loop
     vertex -1.500000e+00 -1.375000e+00  2.500000e-01
     vertex -1.470051e+00 -1.456181e+00  2.500000e-01
     vertex -1.463388e+00 -1.463388e+00  2.500000e-01
   endloop
 endfacet
 facet normal  0.000000e+00  0.000000e+00  1.000000e+00
   outer loop
     vertex -1.500000e+00 -1.375000e+00  2.500000e-01
     vertex -1.463388e+00 -1.463388e+00  2.500000e-01
     vertex -1.456181e+00 -1.470051e+00  2.500000e-01
   endloop
 endfacet
 facet normal  0.000000e+00  0.000000e+00  1.000000e+00
   outer loop
     vertex -1.500000e+00 -1.375000e+00  2.500000e-01
     vertex -1.456181e+00 -1.470051e+00  2.500000e-01
     vertex -1.448473e+00 -1.476127e+00  2.500000e-01
   endloop
 endfacet
 facet normal  0.000000e+00  0.000000e+00  1.000000e+00
   outer loop
     vertex -1.500000e+00 -1.375000e+00  2.500000e-01
     vertex -1.448473e+00 -1.476127e+00  2.500000e-01
     vertex -1.440312e+00 -1.481580e+00  2.500000e-01
   endloop
 endfacet
 facet normal  0.000000e+00  0.000000e+00  1.000000e+00
   outer loop
     vertex -1.500000e+00 -1.375000e+00  2.500000e-01
     vertex -1.440312e+00 -1.481580e+00  2.500000e-01
     vertex -1.431749e+00 -1.486376e+00  2.500000e-01
   endloop
 endfacet
 facet normal  0.000000e+00  0.000000e+00  1.000000e+00
   outer loop
     vertex -1.500000e+00 -1.375000e+00  2.500000e-01
     vertex -1.431749e+00 -1.486376e+00  2.500000e-01
     vertex -1.422835e+00 -1.490485e+00  2.500000e-01
   endloop
 endfacet
 facet normal  0.000000e+00  0.000000e+00  1.000000e+00
   outer loop
     vertex -1.500000e+00 -1.375000e+00  2.500000e-01
     vertex -1.422835e+00 -1.490485e+00  2.500000e-01
     vertex -1.413627e+00 -1.493882e+00  2.500000e-01
   endloop
 endfacet
 facet normal  0.000000e+00  0.000000e+00  1.000000e+00
   outer loop
     vertex -1.500000e+00 -1.375000e+00  2.500000e-01
     vertex -1.413627e+00 -1.493882e+00  2.500000e-01
     vertex -1.375000e+00 -1.500000e+00  2.500000e-01
   endloop
 endfacet
 facet normal  0.000000e+00  0.000000e+00  1.000000e+00
   outer loop
     vertex  1.404181e+00 -1.496546e+00  2.500000e-01
     vertex  1.384807e+00 -1.499615e+00  2.500000e-01
     vertex  1.394554e+00 -1.498461e+00  2.500000e-01
   endloop
 endfacet
 facet normal  0.000000e+00  0.000000e+00  1.000000e+00
   outer loop
     vertex -1.496546e+00  1.404181e+00  2.500000e-01
     vertex -1.498461e+00  1.394554e+00  2.500000e-01
     vertex -1.499615e+00  1.384807e+00  2.500000e-01
   endloop
 endfacet
 facet normal  0.000000e+00  0.000000e+00  1.000000e+00
   outer loop
     vertex  1.413627e+00 -1.493882e+00  2.500000e-01
     vertex  1.384807e+00 -1.499615e+00  2.500000e-01
     vertex  1.404181e+00 -1.496546e+00  2.500000e-01
   endloop
 endfacet
 facet normal  0.000000e+00  0.000000e+00  1.000000e+00
   outer loop
     vertex  1.413627e+00 -1.493882e+00  2.500000e-01
     vertex  1.375000e+00 -1.500000e+00  2.500000e-01
     vertex  1.384807e+00 -1.499615e+00  2.500000e-01
   endloop
 endfacet
 facet normal  0.000000e+00  0.000000e+00  1.000000e+00
   outer loop
     vertex -1.493882e+00  1.413627e+00  2.500000e-01
     vertex -1.496546e+00  1.404181e+00  2.500000e-01
     vertex -1.499615e+00  1.384807e+00  2.500000e-01
   endloop
 endfacet
 facet normal  0.000000e+00  0.000000e+00  1.000000e+00
   outer loop
     vertex  1.422835e+00 -1.490485e+00  2.500000e-01
     vertex  1.375000e+00 -1.500000e+00  2.500000e-01
     vertex  1.413627e+00 -1.493882e+00  2.500000e-01
   endloop
 endfacet
 facet normal  0.000000e+00  0.000000e+00  1.000000e+00
   outer loop
     vertex -1.490485e+00  1.422835e+00  2.500000e-01
     vertex -1.493882e+00  1.413627e+00  2.500000e-01
     vertex -1.499615e+00  1.384807e+00  2.500000e-01
   endloop
 endfacet
 facet normal  0.000000e+00  0.000000e+00  1.000000e+00
   outer loop
     vertex -1.486376e+00  1.431749e+00  2.500000e-01
     vertex -1.490485e+00  1.422835e+00  2.500000e-01
     vertex -1.499615e+00  1.384807e+00  2.500000e-01
   endloop
 endfacet
 facet normal  0.000000e+00  0.000000e+00  1.000000e+00
   outer loop
     vertex -1.486376e+00  1.431749e+00  2.500000e-01
     vertex -1.499615e+00  1.384807e+00  2.500000e-01
     vertex -1.500000e+00  1.375000e+00  2.500000e-01
   endloop
 endfacet
 facet normal  0.000000e+00  0.000000e+00  1.000000e+00
   outer loop
     vertex  1.440312e+00 -1.481580e+00  2.500000e-01
     vertex  1.422835e+00 -1.490485e+00  2.500000e-01
     vertex  1.431749e+00 -1.486376e+00  2.500000e-01
   endloop
 endfacet
 facet normal  0.000000e+00  0.000000e+00  1.000000e+00
   outer loop
     vertex -1.481580e+00  1.440312e+00  2.500000e-01
     vertex -1.486376e+00  1.431749e+00  2.500000e-01
     vertex -1.500000e+00  1.375000e+00  2.500000e-01
   endloop
 endfacet
 facet normal  0.000000e+00  0.000000e+00  1.000000e+00
   outer loop
     vertex  1.456181e+00 -1.470051e+00  2.500000e-01
     vertex  1.440312e+00 -1.481580e+00  2.500000e-01
     vertex  1.448473e+00 -1.476127e+00  2.500000e-01
   endloop
 endfacet
 facet normal  0.000000e+00  0.000000e+00  1.000000e+00
   outer loop
     vertex  1.456181e+00 -1.470051e+00  2.500000e-01
     vertex  1.422835e+00 -1.490485e+00  2.500000e-01
     vertex  1.440312e+00 -1.481580e+00  2.500000e-01
   endloop
 endfacet
 facet normal  0.000000e+00  0.000000e+00  1.000000e+00
   outer loop
     vertex -1.470051e+00  1.456181e+00  2.500000e-01
     vertex -1.476127e+00  1.448473e+00  2.500000e-01
     vertex -1.481580e+00  1.440312e+00  2.500000e-01
   endloop
 endfacet
 facet normal  0.000000e+00  0.000000e+00  1.000000e+00
   outer loop
     vertex  1.470051e+00 -1.456181e+00  2.500000e-01
     vertex  1.456181e+00 -1.470051e+00  2.500000e-01
     vertex  1.463388e+00 -1.463388e+00  2.500000e-01
   endloop
 endfacet
 facet normal  0.000000e+00  0.000000e+00  1.000000e+00
   outer loop
     vertex  1.470051e+00 -1.456181e+00  2.500000e-01
     vertex  1.375000e+00 -1.500000e+00  2.500000e-01
     vertex  1.422835e+00 -1.490485e+00  2.500000e-01
   endloop
 endfacet
 facet normal  0.000000e+00  0.000000e+00  1.000000e+00
   outer loop
     vertex  1.470051e+00 -1.456181e+00  2.500000e-01
     vertex  1.422835e+00 -1.490485e+00  2.500000e-01
     vertex  1.456181e+00 -1.470051e+00  2.500000e-01
   endloop
 endfacet
 facet normal  0.000000e+00  0.000000e+00  1.000000e+00
   outer loop
     vertex -1.456181e+00  1.470051e+00  2.500000e-01
     vertex -1.470051e+00  1.456181e+00  2.500000e-01
     vertex -1.481580e+00  1.440312e+00  2.500000e-01
   endloop
 endfacet
 facet normal  0.000000e+00  0.000000e+00  1.000000e+00
   outer loop
     vertex -1.456181e+00  1.470051e+00  2.500000e-01
     vertex -1.463388e+00  1.463388e+00  2.500000e-01
     vertex -1.470051e+00  1.456181e+00  2.500000e-01
   endloop
 endfacet
 facet normal  0.000000e+00  0.000000e+00  1.000000e+00
   outer loop
     vertex -1.448473e+00  1.476127e+00  2.500000e-01
     vertex -1.456181e+00  1.470051e+00  2.500000e-01
     vertex -1.481580e+00  1.440312e+00  2.500000e-01
   endloop
 endfacet
 facet normal  0.000000e+00  0.000000e+00  1.000000e+00
   outer loop
     vertex  1.481580e+00 -1.440312e+00  2.500000e-01
     vertex  1.470051e+00 -1.456181e+00  2.500000e-01
     vertex  1.476127e+00 -1.448473e+00  2.500000e-01
   endloop
 endfacet
 facet normal  0.000000e+00  0.000000e+00  1.000000e+00
   outer loop
     vertex  1.481580e+00 -1.440312e+00  2.500000e-01
     vertex  1.375000e+00 -1.500000e+00  2.500000e-01
     vertex  1.470051e+00 -1.456181e+00  2.500000e-01
   endloop
 endfacet
 facet normal  0.000000e+00  0.000000e+00  1.000000e+00
   outer loop
     vertex -1.422835e+00  1.490485e+00  2.500000e-01
     vertex -1.448473e+00  1.476127e+00  2.500000e-01
     vertex -1.481580e+00  1.440312e+00  2.500000e-01
   endloop
 endfacet
 facet normal  0.000000e+00  0.000000e+00  1.000000e+00
   outer loop
     vertex -1.422835e+00  1.490485e+00  2.500000e-01
     vertex -1.440312e+00  1.481580e+00  2.500000e-01
     vertex -1.448473e+00  1.476127e+00  2.500000e-01
   endloop
 endfacet
 facet normal  0.000000e+00  0.000000e+00  1.000000e+00
   outer loop
     vertex -1.422835e+00  1.490485e+00  2.500000e-01
     vertex -1.431749e+00  1.486376e+00  2.500000e-01
     vertex -1.440312e+00  1.481580e+00  2.500000e-01
   endloop
 endfacet
 facet normal  0.000000e+00  0.000000e+00  1.000000e+00
   outer loop
     vertex  1.490485e+00 -1.422835e+00  2.500000e-01
     vertex  1.481580e+00 -1.440312e+00  2.500000e-01
     vertex  1.486376e+00 -1.431749e+00  2.500000e-01
   endloop
 endfacet
 facet normal  0.000000e+00  0.000000e+00  1.000000e+00
   outer loop
     vertex  1.493882e+00 -1.413627e+00  2.500000e-01
     vertex  1.481580e+00 -1.440312e+00  2.500000e-01
     vertex  1.490485e+00 -1.422835e+00  2.500000e-01
   endloop
 endfacet
 facet normal  0.000000e+00  0.000000e+00  1.000000e+00
   outer loop
     vertex  1.496546e+00 -1.404181e+00  2.500000e-01
     vertex  1.375000e+00 -1.500000e+00  2.500000e-01
     vertex  1.481580e+00 -1.440312e+00  2.500000e-01
   endloop
 endfacet
 facet normal  0.000000e+00  0.000000e+00  1.000000e+00
   outer loop
     vertex  1.496546e+00 -1.404181e+00  2.500000e-01
     vertex  1.481580e+00 -1.440312e+00  2.500000e-01
     vertex  1.493882e+00 -1.413627e+00  2.500000e-01
   endloop
 endfacet
 facet normal  0.000000e+00  0.000000e+00  1.000000e+00
   outer loop
     vertex -1.394554e+00  1.498461e+00  2.500000e-01
     vertex -1.404181e+00  1.496546e+00  2.500000e-01
     vertex -1.413627e+00  1.493882e+00  2.500000e-01
   endloop
 endfacet
 facet normal  0.000000e+00  0.000000e+00  1.000000e+00
   outer loop
     vertex -1.375000e+00  1.500000e+00  2.500000e-01
     vertex -1.481580e+00  1.440312e+00  2.500000e-01
     vertex -1.500000e+00  1.375000e+00  2.500000e-01
   endloop
 endfacet
 facet normal  0.000000e+00  0.000000e+00  1.000000e+00
   outer loop
     vertex -1.375000e+00  1.500000e+00  2.500000e-01
     vertex -1.413627e+00  1.493882e+00  2.500000e-01
     vertex -1.422835e+00  1.490485e+00  2.500000e-01
   endloop
 endfacet
 facet normal  0.000000e+00  0.000000e+00  1.000000e+00
   outer loop
     vertex -1.375000e+00  1.500000e+00  2.500000e-01
     vertex -1.384807e+00  1.499615e+00  2.500000e-01
     vertex -1.394554e+00  1.498461e+00  2.500000e-01
   endloop
 endfacet
 facet normal  0.000000e+00  0.000000e+00  1.000000e+00
   outer loop
     vertex -1.375000e+00  1.500000e+00  2.500000e-01
     vertex -1.422835e+00  1.490485e+00  2.500000e-01
     vertex -1.481580e+00  1.440312e+00  2.500000e-01
   endloop
 endfacet
 facet normal  0.000000e+00  0.000000e+00  1.000000e+00
   outer loop
     vertex -1.375000e+00  1.500000e+00  2.500000e-01
     vertex -1.394554e+00  1.498461e+00  2.500000e-01
     vertex -1.413627e+00  1.493882e+00  2.500000e-01
   endloop
 endfacet
 facet normal  0.000000e+00  0.000000e+00  1.000000e+00
   outer loop
     vertex  1.500000e+00 -1.375000e+00  2.500000e-01
     vertex  1.498461e+00 -1.394554e+00  2.500000e-01
     vertex  1.499615e+00 -1.384807e+00  2.500000e-01
   endloop
 endfacet
 facet normal  0.000000e+00  0.000000e+00  1.000000e+00
   outer loop
     vertex  1.500000e+00 -1.375000e+00  2.500000e-01
     vertex  1.496546e+00 -1.404181e+00  2.500000e-01
     vertex  1.498461e+00 -1.394554e+00  2.500000e-01
   endloop
 endfacet
 facet normal  0.000000e+00  0.000000e+00  1.000000e+00
   outer loop
     vertex  1.500000e+00 -1.375000e+00  2.500000e-01
     vertex  1.375000e+00 -1.500000e+00  2.500000e-01
     vertex  1.496546e+00 -1.404181e+00  2.500000e-01
   endloop
 endfacet
 facet normal  0.000000e+00  0.000000e+00  1.000000e+00
   outer loop
     vertex  1.500000e+00  1.375000e+00  2.500000e-01
     vertex -1.500000e+00  1.375000e+00  2.500000e-01
     vertex -1.500000e+00 -1.375000e+00  2.500000e-01
   endloop
 endfacet
 facet normal  0.000000e+00  0.000000e+00  1.000000e+00
   outer loop
     vertex  1.500000e+00  1.375000e+00  2.500000e-01
     vertex  1.375000e+00 -1.500000e+00  2.500000e-01
     vertex  1.500000e+00 -1.375000e+00  2.500000e-01
   endloop
 endfacet
 facet normal  0.000000e+00  0.000000e+00  1.000000e+00
   outer loop
     vertex  1.500000e+00  1.375000e+00  2.500000e-01
     vertex -1.375000e+00  1.500000e+00  2.500000e-01
     vertex -1.500000e+00  1.375000e+00  2.500000e-01
   endloop
 endfacet
 facet normal  0.000000e+00  0.000000e+00  1.000000e+00
   outer loop
     vertex  1.500000e+00  1.375000e+00  2.500000e-01
     vertex -1.375000e+00 -1.500000e+00  2.500000e-01
     vertex  1.375000e+00 -1.500000e+00  2.500000e-01
   endloop
 endfacet
 facet normal  0.000000e+00  0.000000e+00  1.000000e+00
   outer loop
     vertex  1.500000e+00  1.375000e+00  2.500000e-01
     vertex -1.500000e+00 -1.375000e+00  2.500000e-01
     vertex -1.375000e+00 -1.500000e+00  2.500000e-01
   endloop
 endfacet
 facet normal  0.000000e+00  0.000000e+00  1.000000e+00
   outer loop
     vertex  1.500000e+00  1.375000e+00  2.500000e-01
     vertex  1.375000e+00  1.500000e+00  2.500000e-01
     vertex -1.375000e+00  1.500000e+00  2.500000e-01
   endloop
 endfacet
 facet normal  0.000000e+00  0.000000e+00  1.000000e+00
   outer loop
     vertex  1.394554e+00  1.498461e+00  2.500000e-01
     vertex  1.375000e+00  1.500000e+00  2.500000e-01
     vertex  1.500000e+00  1.375000e+00  2.500000e-01
   endloop
 endfacet
 facet normal  0.000000e+00  0.000000e+00  1.000000e+00
   outer loop
     vertex  1.394554e+00  1.498461e+00  2.500000e-01
     vertex  1.500000e+00  1.375000e+00  2.500000e-01
     vertex  1.499615e+00  1.384807e+00  2.500000e-01
   endloop
 endfacet
 facet normal  0.000000e+00  0.000000e+00  1.000000e+00
   outer loop
     vertex  1.394554e+00  1.498461e+00  2.500000e-01
     vertex  1.384807e+00  1.499615e+00  2.500000e-01
     vertex  1.375000e+00  1.500000e+00  2.500000e-01
   endloop
 endfacet
 facet normal  0.000000e+00  0.000000e+00  1.000000e+00
   outer loop
     vertex  1.496546e+00  1.404181e+00  2.500000e-01
     vertex  1.499615e+00  1.384807e+00  2.500000e-01
     vertex  1.498461e+00  1.394554e+00  2.500000e-01
   endloop
 endfacet
 facet normal  0.000000e+00  0.000000e+00  1.000000e+00
   outer loop
     vertex  1.490485e+00  1.422835e+00  2.500000e-01
     vertex  1.496546e+00  1.404181e+00  2.500000e-01
     vertex  1.493882e+00  1.413627e+00  2.500000e-01
   endloop
 endfacet
 facet normal  0.000000e+00  0.000000e+00  1.000000e+00
   outer loop
     vertex  1.422835e+00  1.490485e+00  2.500000e-01
     vertex  1.413627e+00  1.493882e+00  2.500000e-01
     vertex  1.404181e+00  1.496546e+00  2.500000e-01
   endloop
 endfacet
 facet normal  0.000000e+00  0.000000e+00  1.000000e+00
   outer loop
     vertex  1.431749e+00  1.486376e+00  2.500000e-01
     vertex  1.394554e+00  1.498461e+00  2.500000e-01
     vertex  1.499615e+00  1.384807e+00  2.500000e-01
   endloop
 endfacet
 facet normal  0.000000e+00  0.000000e+00  1.000000e+00
   outer loop
     vertex  1.431749e+00  1.486376e+00  2.500000e-01
     vertex  1.499615e+00  1.384807e+00  2.500000e-01
     vertex  1.496546e+00  1.404181e+00  2.500000e-01
   endloop
 endfacet
 facet normal  0.000000e+00  0.000000e+00  1.000000e+00
   outer loop
     vertex  1.431749e+00  1.486376e+00  2.500000e-01
     vertex  1.422835e+00  1.490485e+00  2.500000e-01
     vertex  1.404181e+00  1.496546e+00  2.500000e-01
   endloop
 endfacet
 facet normal  0.000000e+00  0.000000e+00  1.000000e+00
   outer loop
     vertex  1.431749e+00  1.486376e+00  2.500000e-01
     vertex  1.404181e+00  1.496546e+00  2.500000e-01
     vertex  1.394554e+00  1.498461e+00  2.500000e-01
   endloop
 endfacet
 facet normal  0.000000e+00  0.000000e+00  1.000000e+00
   outer loop
     vertex  1.481580e+00  1.440312e+00  2.500000e-01
     vertex  1.496546e+00  1.404181e+00  2.500000e-01
     vertex  1.490485e+00  1.422835e+00  2.500000e-01
   endloop
 endfacet
 facet normal  0.000000e+00  0.000000e+00  1.000000e+00
   outer loop
     vertex  1.481580e+00  1.440312e+00  2.500000e-01
     vertex  1.490485e+00  1.422835e+00  2.500000e-01
     vertex  1.486376e+00  1.431749e+00  2.500000e-01
   endloop
 endfacet
 facet normal  0.000000e+00  0.000000e+00  1.000000e+00
   outer loop
     vertex  1.448473e+00  1.476127e+00  2.500000e-01
     vertex  1.431749e+00  1.486376e+00  2.500000e-01
     vertex  1.496546e+00  1.404181e+00  2.500000e-01
   endloop
 endfacet
 facet normal  0.000000e+00  0.000000e+00  1.000000e+00
   outer loop
     vertex  1.448473e+00  1.476127e+00  2.500000e-01
     vertex  1.496546e+00  1.404181e+00  2.500000e-01
     vertex  1.481580e+00  1.440312e+00  2.500000e-01
   endloop
 endfacet
 facet normal  0.000000e+00  0.000000e+00  1.000000e+00
   outer loop
     vertex  1.448473e+00  1.476127e+00  2.500000e-01
     vertex  1.481580e+00  1.440312e+00  2.500000e-01
     vertex  1.476127e+00  1.448473e+00  2.500000e-01
   endloop
 endfacet
 facet normal  0.000000e+00  0.000000e+00  1.000000e+00
   outer loop
     vertex  1.448473e+00  1.476127e+00  2.500000e-01
     vertex  1.440312e+00  1.481580e+00  2.500000e-01
     vertex  1.431749e+00  1.486376e+00  2.500000e-01
   endloop
 endfacet
 facet normal  0.000000e+00  0.000000e+00  1.000000e+00
   outer loop
     vertex  1.463388e+00  1.463388e+00  2.500000e-01
     vertex  1.448473e+00  1.476127e+00  2.500000e-01
     vertex  1.476127e+00  1.448473e+00  2.500000e-01
   endloop
 endfacet
 facet normal  0.000000e+00  0.000000e+00  1.000000e+00
   outer loop
     vertex  1.463388e+00  1.463388e+00  2.500000e-01
     vertex  1.476127e+00  1.448473e+00  2.500000e-01
     vertex  1.470051e+00  1.456181e+00  2.500000e-01
   endloop
 endfacet
 facet normal  0.000000e+00  0.000000e+00  1.000000e+00
   outer loop
     vertex  1.463388e+00  1.463388e+00  2.500000e-01
     vertex  1.456181e+00  1.470051e+00  2.500000e-01
     vertex  1.448473e+00  1.476127e+00  2.500000e-01
   endloop
 endfacet
 facet normal -9.992290e-01 -3.925982e-02 -0.000000e+00
   outer loop
     vertex -1.499615e+00 -1.384807e+00  2.500000e-01
     vertex -1.500000e+00 -1.375000e+00 -2.500000e-01
     vertex -1.499615e+00 -1.384807e+00 -2.500000e-01
   endloop
 endfacet
 facet normal -9.992290e-01 -3.925982e-02  0.000000e+00
   outer loop
     vertex -1.499615e+00 -1.384807e+00  2.500000e-01
     vertex -1.500000e+00 -1.375000e+00  2.500000e-01
     vertex -1.500000e+00 -1.375000e+00 -2.500000e-01
   endloop
 endfacet
 facet normal -9.930685e-01 -1.175374e-01 -0.000000e+00
   outer loop
     vertex -1.498461e+00 -1.394554e+00  2.500000e-01
     vertex -1.499615e+00 -1.384807e+00 -2.500000e-01
     vertex -1.498461e+00 -1.394554e+00 -2.500000e-01
   endloop
 endfacet
 facet normal -9.930685e-01 -1.175374e-01  0.000000e+00
   outer loop
     vertex -1.498461e+00 -1.394554e+00  2.500000e-01
     vertex -1.499615e+00 -1.384807e+00  2.500000e-01
     vertex -1.499615e+00 -1.384807e+00 -2.500000e-01
   endloop
 endfacet
 facet normal -9.807853e-01 -1.950903e-01 -0.000000e+00
   outer loop
     vertex -1.496546e+00 -1.404181e+00  2.500000e-01
     vertex -1.498461e+00 -1.394554e+00 -2.500000e-01
     vertex -1.496546e+00 -1.404181e+00 -2.500000e-01
   endloop
 endfacet
 facet normal -9.807853e-01 -1.950903e-01  0.000000e+00
   outer loop
     vertex -1.496546e+00 -1.404181e+00  2.500000e-01
     vertex -1.498461e+00 -1.394554e+00  2.500000e-01
     vertex -1.498461e+00 -1.394554e+00 -2.500000e-01
   endloop
 endfacet
 facet normal -9.624552e-01 -2.714404e-01 -0.000000e+00
   outer loop
     vertex -1.493882e+00 -1.413627e+00  2.500000e-01
     vertex -1.496546e+00 -1.404181e+00 -2.500000e-01
     vertex -1.493882e+00 -1.413627e+00 -2.500000e-01
   endloop
 endfacet
 facet normal -9.624552e-01 -2.714404e-01  0.000000e+00
   outer loop
     vertex -1.493882e+00 -1.413627e+00  2.500000e-01
     vertex -1.496546e+00 -1.404181e+00  2.500000e-01
     vertex -1.496546e+00 -1.404181e+00 -2.500000e-01
   endloop
 endfacet
 facet normal -9.381913e-01 -3.461171e-01 -0.000000e+00
   outer loop
     vertex -1.490485e+00 -1.422835e+00  2.500000e-01
     vertex -1.493882e+00 -1.413627e+00 -2.500000e-01
     vertex -1.490485e+00 -1.422835e+00 -2.500000e-01
   endloop
 endfacet
 facet normal -9.381913e-01 -3.461171e-01  0.000000e+00
   outer loop
     vertex -1.490485e+00 -1.422835e+00  2.500000e-01
     vertex -1.493882e+00 -1.413627e+00  2.500000e-01
     vertex -1.493882e+00 -1.413627e+00 -2.500000e-01
   endloop
 endfacet
 facet normal -9.081432e-01 -4.186597e-01 -0.000000e+00
   outer loop
     vertex -1.486376e+00 -1.431749e+00  2.500000e-01
     vertex -1.490485e+00 -1.422835e+00 -2.500000e-01
     vertex -1.486376e+00 -1.431749e+00 -2.500000e-01
   endloop
 endfacet
 facet normal -9.081432e-01 -4.186597e-01  0.000000e+00
   outer loop
     vertex -1.486376e+00 -1.431749e+00  2.500000e-01
     vertex -1.490485e+00 -1.422835e+00  2.500000e-01
     vertex -1.490485e+00 -1.422835e+00 -2.500000e-01
   endloop
 endfacet
 facet normal -8.724960e-01 -4.886212e-01 -0.000000e+00
   outer loop
     vertex -1.481580e+00 -1.440312e+00  2.500000e-01
     vertex -1.486376e+00 -1.431749e+00 -2.500000e-01
     vertex -1.481580e+00 -1.440312e+00 -2.500000e-01
   endloop
 endfacet
 facet normal -8.724960e-01 -4.886212e-01  0.000000e+00
   outer loop
     vertex -1.481580e+00 -1.440312e+00  2.500000e-01
     vertex -1.486376e+00 -1.431749e+00  2.500000e-01
     vertex -1.486376e+00 -1.431749e+00 -2.500000e-01
   endloop
 endfacet
 facet normal -8.314696e-01 -5.555702e-01 -0.000000e+00
   outer loop
     vertex -1.476127e+00 -1.448473e+00  2.500000e-01
     vertex -1.481580e+00 -1.440312e+00 -2.500000e-01
     vertex -1.476127e+00 -1.448473e+00 -2.500000e-01
   endloop
 endfacet
 facet normal -8.314696e-01 -5.555702e-01  0.000000e+00
   outer loop
     vertex -1.476127e+00 -1.448473e+00  2.500000e-01
     vertex -1.481580e+00 -1.440312e+00  2.500000e-01
     vertex -1.481580e+00 -1.440312e+00 -2.500000e-01
   endloop
 endfacet
 facet normal -7.853169e-01 -6.190939e-01 -0.000000e+00
   outer loop
     vertex -1.470051e+00 -1.456181e+00  2.500000e-01
     vertex -1.476127e+00 -1.448473e+00 -2.500000e-01
     vertex -1.470051e+00 -1.456181e+00 -2.500000e-01
   endloop
 endfacet
 facet normal -7.853169e-01 -6.190939e-01  0.000000e+00
   outer loop
     vertex -1.470051e+00 -1.456181e+00  2.500000e-01
     vertex -1.476127e+00 -1.448473e+00  2.500000e-01
     vertex -1.476127e+00 -1.448473e+00 -2.500000e-01
   endloop
 endfacet
 facet normal -7.343225e-01 -6.788007e-01 -0.000000e+00
   outer loop
     vertex -1.463388e+00 -1.463388e+00  2.500000e-01
     vertex -1.470051e+00 -1.456181e+00 -2.500000e-01
     vertex -1.463388e+00 -1.463388e+00 -2.500000e-01
   endloop
 endfacet
 facet normal -7.343225e-01 -6.788007e-01  0.000000e+00
   outer loop
     vertex -1.463388e+00 -1.463388e+00  2.500000e-01
     vertex -1.470051e+00 -1.456181e+00  2.500000e-01
     vertex -1.470051e+00 -1.456181e+00 -2.500000e-01
   endloop
 endfacet
 facet normal -6.788007e-01 -7.343225e-01 -0.000000e+00
   outer loop
     vertex -1.456181e+00 -1.470051e+00  2.500000e-01
     vertex -1.463388e+00 -1.463388e+00 -2.500000e-01
     vertex -1.456181e+00 -1.470051e+00 -2.500000e-01
   endloop
 endfacet
 facet normal -6.788007e-01 -7.343225e-01  0.000000e+00
   outer loop
     vertex -1.456181e+00 -1.470051e+00  2.500000e-01
     vertex -1.463388e+00 -1.463388e+00  2.500000e-01
     vertex -1.463388e+00 -1.463388e+00 -2.500000e-01
   endloop
 endfacet
 facet normal -6.190939e-01 -7.853169e-01 -0.000000e+00
   outer loop
     vertex -1.448473e+00 -1.476127e+00  2.500000e-01
     vertex -1.456181e+00 -1.470051e+00 -2.500000e-01
     vertex -1.448473e+00 -1.476127e+00 -2.500000e-01
   endloop
 endfacet
 facet normal -6.190939e-01 -7.853169e-01  0.000000e+00
   outer loop
     vertex -1.448473e+00 -1.476127e+00  2.500000e-01
     vertex -1.456181e+00 -1.470051e+00  2.500000e-01
     vertex -1.456181e+00 -1.470051e+00 -2.500000e-01
   endloop
 endfacet
 facet normal -5.555702e-01 -8.314696e-01 -0.000000e+00
   outer loop
     vertex -1.440312e+00 -1.481580e+00  2.500000e-01
     vertex -1.448473e+00 -1.476127e+00 -2.500000e-01
     vertex -1.440312e+00 -1.481580e+00 -2.500000e-01
   endloop
 endfacet
 facet normal -5.555702e-01 -8.314696e-01  0.000000e+00
   outer loop
     vertex -1.440312e+00 -1.481580e+00  2.500000e-01
     vertex -1.448473e+00 -1.476127e+00  2.500000e-01
     vertex -1.448473e+00 -1.476127e+00 -2.500000e-01
   endloop
 endfacet
 facet normal -4.886212e-01 -8.724960e-01  0.000000e+00
   outer loop
     vertex -1.431749e+00 -1.486376e+00  2.500000e-01
     vertex -1.440312e+00 -1.481580e+00  2.500000e-01
     vertex -1.440312e+00 -1.481580e+00 -2.500000e-01
   endloop
 endfacet
 facet normal -4.886212e-01 -8.724960e-01 -0.000000e+00
   outer loop
     vertex -1.431749e+00 -1.486376e+00  2.500000e-01
     vertex -1.440312e+00 -1.481580e+00 -2.500000e-01
     vertex -1.431749e+00 -1.486376e+00 -2.500000e-01
   endloop
 endfacet
 facet normal -4.186597e-01 -9.081432e-01  0.000000e+00
   outer loop
     vertex -1.422835e+00 -1.490485e+00  2.500000e-01
     vertex -1.431749e+00 -1.486376e+00  2.500000e-01
     vertex -1.431749e+00 -1.486376e+00 -2.500000e-01
   endloop
 endfacet
 facet normal -4.186597e-01 -9.081432e-01 -0.000000e+00
   outer loop
     vertex -1.422835e+00 -1.490485e+00  2.500000e-01
     vertex -1.431749e+00 -1.486376e+00 -2.500000e-01
     vertex -1.422835e+00 -1.490485e+00 -2.500000e-01
   endloop
 endfacet
 facet normal -3.461171e-01 -9.381913e-01  0.000000e+00
   outer loop
     vertex -1.413627e+00 -1.493882e+00  2.500000e-01
     vertex -1.422835e+00 -1.490485e+00  2.500000e-01
     vertex -1.422835e+00 -1.490485e+00 -2.500000e-01
   endloop
 endfacet
 facet normal -3.461171e-01 -9.381913e-01 -0.000000e+00
   outer loop
     vertex -1.413627e+00 -1.493882e+00  2.500000e-01
     vertex -1.422835e+00 -1.490485e+00 -2.500000e-01
     vertex -1.413627e+00 -1.493882e+00 -2.500000e-01
   endloop
 endfacet
 facet normal -2.714404e-01 -9.624552e-01 -0.000000e+00
   outer loop
     vertex -1.413627e+00 -1.493882e+00  2.500000e-01
     vertex -1.413627e+00 -1.493882e+00 -2.500000e-01
     vertex -1.404181e+00 -1.496546e+00 -2.500000e-01
   endloop
 endfacet
 facet normal -2.714404e-01 -9.624552e-01 -0.000000e+00
   outer loop
     vertex -1.404181e+00 -1.496546e+00  2.500000e-01
     vertex -1.413627e+00 -1.493882e+00  2.500000e-01
     vertex -1.404181e+00 -1.496546e+00 -2.500000e-01
   endloop
 endfacet
 facet normal -1.950903e-01 -9.807853e-01 -0.000000e+00
   outer loop
     vertex -1.394554e+00 -1.498461e+00  2.500000e-01
     vertex -1.404181e+00 -1.496546e+00 -2.500000e-01
     vertex -1.394554e+00 -1.498461e+00 -2.500000e-01
   endloop
 endfacet
 facet normal -1.950903e-01 -9.807853e-01  0.000000e+00
   outer loop
     vertex -1.394554e+00 -1.498461e+00  2.500000e-01
     vertex -1.404181e+00 -1.496546e+00  2.500000e-01
     vertex -1.404181e+00 -1.496546e+00 -2.500000e-01
   endloop
 endfacet
 facet normal -1.175374e-01 -9.930685e-01 -0.000000e+00
   outer loop
     vertex -1.394554e+00 -1.498461e+00  2.500000e-01
     vertex -1.394554e+00 -1.498461e+00 -2.500000e-01
     vertex -1.384807e+00 -1.499615e+00 -2.500000e-01
   endloop
 endfacet
 facet normal -1.175374e-01 -9.930685e-01 -0.000000e+00
   outer loop
     vertex -1.384807e+00 -1.499615e+00  2.500000e-01
     vertex -1.394554e+00 -1.498461e+00  2.500000e-01
     vertex -1.384807e+00 -1.499615e+00 -2.500000e-01
   endloop
 endfacet
 facet normal -3.925982e-02 -9.992290e-01 -0.000000e+00
   outer loop
     vertex -1.375000e+00 -1.500000e+00  2.500000e-01
     vertex -1.384807e+00 -1.499615e+00 -2.500000e-01
     vertex -1.375000e+00 -1.500000e+00 -2.500000e-01
   endloop
 endfacet
 facet normal -3.925982e-02 -9.992290e-01  0.000000e+00
   outer loop
     vertex -1.375000e+00 -1.500000e+00  2.500000e-01
     vertex -1.384807e+00 -1.499615e+00  2.500000e-01
     vertex -1.384807e+00 -1.499615e+00 -2.500000e-01
   endloop
 endfacet
 facet normal -9.992290e-01  3.925982e-02  0.000000e+00
   outer loop
     vertex -1.499615e+00  1.384807e+00  2.500000e-01
     vertex -1.499615e+00  1.384807e+00 -2.500000e-01
     vertex -1.500000e+00  1.375000e+00 -2.500000e-01
   endloop
 endfacet
 facet normal -9.992290e-01  3.925982e-02  0.000000e+00
   outer loop
     vertex -1.499615e+00  1.384807e+00  2.500000e-01
     vertex -1.500000e+00  1.375000e+00 -2.500000e-01
     vertex -1.500000e+00  1.375000e+00  2.500000e-01
   endloop
 endfacet
 facet normal -9.930685e-01  1.175374e-01  0.000000e+00
   outer loop
     vertex -1.498461e+00  1.394554e+00  2.500000e-01
     vertex -1.498461e+00  1.394554e+00 -2.500000e-01
     vertex -1.499615e+00  1.384807e+00 -2.500000e-01
   endloop
 endfacet
 facet normal -9.930685e-01  1.175374e-01  0.000000e+00
   outer loop
     vertex -1.498461e+00  1.394554e+00  2.500000e-01
     vertex -1.499615e+00  1.384807e+00 -2.500000e-01
     vertex -1.499615e+00  1.384807e+00  2.500000e-01
   endloop
 endfacet
 facet normal -9.807853e-01  1.950903e-01  0.000000e+00
   outer loop
     vertex -1.496546e+00  1.404181e+00  2.500000e-01
     vertex -1.496546e+00  1.404181e+00 -2.500000e-01
     vertex -1.498461e+00  1.394554e+00 -2.500000e-01
   endloop
 endfacet
 facet normal -9.807853e-01  1.950903e-01  0.000000e+00
   outer loop
     vertex -1.496546e+00  1.404181e+00  2.500000e-01
     vertex -1.498461e+00  1.394554e+00 -2.500000e-01
     vertex -1.498461e+00  1.394554e+00  2.500000e-01
   endloop
 endfacet
 facet normal -9.624552e-01  2.714404e-01  0.000000e+00
   outer loop
     vertex -1.493882e+00  1.413627e+00  2.500000e-01
     vertex -1.493882e+00  1.413627e+00 -2.500000e-01
     vertex -1.496546e+00  1.404181e+00 -2.500000e-01
   endloop
 endfacet
 facet normal -9.624552e-01  2.714404e-01  0.000000e+00
   outer loop
     vertex -1.493882e+00  1.413627e+00  2.500000e-01
     vertex -1.496546e+00  1.404181e+00 -2.500000e-01
     vertex -1.496546e+00  1.404181e+00  2.500000e-01
   endloop
 endfacet
 facet normal -9.381913e-01  3.461171e-01  0.000000e+00
   outer loop
     vertex -1.490485e+00  1.422835e+00  2.500000e-01
     vertex -1.490485e+00  1.422835e+00 -2.500000e-01
     vertex -1.493882e+00  1.413627e+00 -2.500000e-01
   endloop
 endfacet
 facet normal -9.081432e-01  4.186597e-01  0.000000e+00
   outer loop
     vertex -1.490485e+00  1.422835e+00  2.500000e-01
     vertex -1.486376e+00  1.431749e+00 -2.500000e-01
     vertex -1.490485e+00  1.422835e+00 -2.500000e-01
   endloop
 endfacet
 facet normal -9.381913e-01  3.461171e-01  0.000000e+00
   outer loop
     vertex -1.490485e+00  1.422835e+00  2.500000e-01
     vertex -1.493882e+00  1.413627e+00 -2.500000e-01
     vertex -1.493882e+00  1.413627e+00  2.500000e-01
   endloop
 endfacet
 facet normal -9.081432e-01  4.186597e-01  0.000000e+00
   outer loop
     vertex -1.486376e+00  1.431749e+00  2.500000e-01
     vertex -1.486376e+00  1.431749e+00 -2.500000e-01
     vertex -1.490485e+00  1.422835e+00  2.500000e-01
   endloop
 endfacet
 facet normal -8.724960e-01  4.886212e-01  0.000000e+00
   outer loop
     vertex -1.481580e+00  1.440312e+00  2.500000e-01
     vertex -1.481580e+00  1.440312e+00 -2.500000e-01
     vertex -1.486376e+00  1.431749e+00 -2.500000e-01
   endloop
 endfacet
 facet normal -8.724960e-01  4.886212e-01  0.000000e+00
   outer loop
     vertex -1.481580e+00  1.440312e+00  2.500000e-01
     vertex -1.486376e+00  1.431749e+00 -2.500000e-01
     vertex -1.486376e+00  1.431749e+00  2.500000e-01
   endloop
 endfacet
 facet normal -8.314696e-01  5.555702e-01  0.000000e+00
   outer loop
     vertex -1.476127e+00  1.448473e+00  2.500000e-01
     vertex -1.476127e+00  1.448473e+00 -2.500000e-01
     vertex -1.481580e+00  1.440312e+00 -2.500000e-01
   endloop
 endfacet
 facet normal -8.314696e-01  5.555702e-01  0.000000e+00
   outer loop
     vertex -1.476127e+00  1.448473e+00  2.500000e-01
     vertex -1.481580e+00  1.440312e+00 -2.500000e-01
     vertex -1.481580e+00  1.440312e+00  2.500000e-01
   endloop
 endfacet
 facet normal -7.853169e-01  6.190939e-01  0.000000e+00
   outer loop
     vertex -1.470051e+00  1.456181e+00  2.500000e-01
     vertex -1.470051e+00  1.456181e+00 -2.500000e-01
     vertex -1.476127e+00  1.448473e+00 -2.500000e-01
   endloop
 endfacet
 facet normal -7.853169e-01  6.190939e-01  0.000000e+00
   outer loop
     vertex -1.470051e+00  1.456181e+00  2.500000e-01
     vertex -1.476127e+00  1.448473e+00 -2.500000e-01
     vertex -1.476127e+00  1.448473e+00  2.500000e-01
   endloop
 endfacet
 facet normal -7.343225e-01  6.788007e-01  0.000000e+00
   outer loop
     vertex -1.463388e+00  1.463388e+00  2.500000e-01
     vertex -1.463388e+00  1.463388e+00 -2.500000e-01
     vertex -1.470051e+00  1.456181e+00 -2.500000e-01
   endloop
 endfacet
 facet normal -6.788007e-01  7.343225e-01  0.000000e+00
   outer loop
     vertex -1.463388e+00  1.463388e+00  2.500000e-01
     vertex -1.456181e+00  1.470051e+00 -2.500000e-01
     vertex -1.463388e+00  1.463388e+00 -2.500000e-01
   endloop
 endfacet
 facet normal -7.343225e-01  6.788007e-01  0.000000e+00
   outer loop
     vertex -1.463388e+00  1.463388e+00  2.500000e-01
     vertex -1.470051e+00  1.456181e+00 -2.500000e-01
     vertex -1.470051e+00  1.456181e+00  2.500000e-01
   endloop
 endfacet
 facet normal -6.190939e-01  7.853169e-01  0.000000e+00
   outer loop
     vertex -1.456181e+00  1.470051e+00  2.500000e-01
     vertex -1.448473e+00  1.476127e+00 -2.500000e-01
     vertex -1.456181e+00  1.470051e+00 -2.500000e-01
   endloop
 endfacet
 facet normal -6.788007e-01  7.343225e-01  0.000000e+00
   outer loop
     vertex -1.456181e+00  1.470051e+00  2.500000e-01
     vertex -1.456181e+00  1.470051e+00 -2.500000e-01
     vertex -1.463388e+00  1.463388e+00  2.500000e-01
   endloop
 endfacet
 facet normal -6.190939e-01  7.853169e-01  0.000000e+00
   outer loop
     vertex -1.448473e+00  1.476127e+00  2.500000e-01
     vertex -1.448473e+00  1.476127e+00 -2.500000e-01
     vertex -1.456181e+00  1.470051e+00  2.500000e-01
   endloop
 endfacet
 facet normal -5.555702e-01  8.314696e-01  0.000000e+00
   outer loop
     vertex -1.440312e+00  1.481580e+00  2.500000e-01
     vertex -1.440312e+00  1.481580e+00 -2.500000e-01
     vertex -1.448473e+00  1.476127e+00 -2.500000e-01
   endloop
 endfacet
 facet normal -5.555702e-01  8.314696e-01  0.000000e+00
   outer loop
     vertex -1.440312e+00  1.481580e+00  2.500000e-01
     vertex -1.448473e+00  1.476127e+00 -2.500000e-01
     vertex -1.448473e+00  1.476127e+00  2.500000e-01
   endloop
 endfacet
 facet normal -4.886212e-01  8.724960e-01  0.000000e+00
   outer loop
     vertex -1.431749e+00  1.486376e+00  2.500000e-01
     vertex -1.440312e+00  1.481580e+00 -2.500000e-01
     vertex -1.440312e+00  1.481580e+00  2.500000e-01
   endloop
 endfacet
 facet normal -4.886212e-01  8.724960e-01  0.000000e+00
   outer loop
     vertex -1.431749e+00  1.486376e+00  2.500000e-01
     vertex -1.431749e+00  1.486376e+00 -2.500000e-01
     vertex -1.440312e+00  1.481580e+00 -2.500000e-01
   endloop
 endfacet
 facet normal -4.186597e-01  9.081432e-01  0.000000e+00
   outer loop
     vertex -1.422835e+00  1.490485e+00  2.500000e-01
     vertex -1.431749e+00  1.486376e+00 -2.500000e-01
     vertex -1.431749e+00  1.486376e+00  2.500000e-01
   endloop
 endfacet
 facet normal -4.186597e-01  9.081432e-01  0.000000e+00
   outer loop
     vertex -1.422835e+00  1.490485e+00  2.500000e-01
     vertex -1.422835e+00  1.490485e+00 -2.500000e-01
     vertex -1.431749e+00  1.486376e+00 -2.500000e-01
   endloop
 endfacet
 facet normal -3.461171e-01  9.381913e-01  0.000000e+00
   outer loop
     vertex -1.413627e+00  1.493882e+00  2.500000e-01
     vertex -1.422835e+00  1.490485e+00 -2.500000e-01
     vertex -1.422835e+00  1.490485e+00  2.500000e-01
   endloop
 endfacet
 facet normal -3.461171e-01  9.381913e-01  0.000000e+00
   outer loop
     vertex -1.413627e+00  1.493882e+00  2.500000e-01
     vertex -1.413627e+00  1.493882e+00 -2.500000e-01
     vertex -1.422835e+00  1.490485e+00 -2.500000e-01
   endloop
 endfacet
 facet normal -2.714404e-01  9.624552e-01  0.000000e+00
   outer loop
     vertex -1.413627e+00  1.493882e+00  2.500000e-01
     vertex -1.404181e+00  1.496546e+00 -2.500000e-01
     vertex -1.413627e+00  1.493882e+00 -2.500000e-01
   endloop
 endfacet
 facet normal -1.950903e-01  9.807853e-01  0.000000e+00
   outer loop
     vertex -1.404181e+00  1.496546e+00  2.500000e-01
     vertex -1.394554e+00  1.498461e+00 -2.500000e-01
     vertex -1.404181e+00  1.496546e+00 -2.500000e-01
   endloop
 endfacet
